
3821 [344794]
30337 [390779]
48703 [156073]
59399 [156172]
63389 [276184]
79049 [287272]
81089 [200120]
85061 [372310]
87959 [180124]
104549 [151560]
111943 [384953]
120599 [412868]
126667 [208127]
134557 [861987]
134579 [743592]
148151 [154922]
164467 [166227]
170531 [649662]
174337 [186003]
175709 [277244]
183313 [728277]
189029 [140416]
215609 [251760]
224129 [147676]
230407 [170531]
232709 [235108] 
237157 [185151]
240551 [214126]
246581 [161106]
249419 [243116]
254233 [188857]
255463 [177641]
270551 [169706]
278713 [159001]
284519 [162136]
300899 [154936]
337297 [195095]
383009 [159984]
432149 [296736]
437609 [153876]
440519 [143420]
460783 [277417]
475573 [259233]
477397 [231591]
487811 [194978]
492389 [240692]
499423 [202877]
504613 [184093]
508811 [155022]
